0.07397190,0.03215239,0.05183010,337.86864161,9.50120446,0.03500000
0.08173241,0.04725630,0.08044005,282.78180796,124.03622455,0.03500000
0.05002521,0.08410271,0.07809664,163.49866655,52.45925487,0.03500000
0.02582775,0.00362754,0.01978295,122.37842573,8.91991676,0.03500000
0.08721950,0.04830484,0.07386670,307.24924411,142.89910998,0.03500000
0.02485291,0.06713231,0.01709049,161.81529111,13.61614467,0.03500000
0.01877687,0.04090568,0.01710471,13.50327867,113.18826580,0.03500000
0.06254078,0.03678358,0.02091096,42.00406309,50.44622484,0.03500000
0.00568551,0.05333615,0.04131088,57.93068120,36.88249690,0.03500000
0.03901619,0.06842311,0.07227612,340.18520610,64.38973994,0.03500000
0.00673906,0.06669666,0.01932282,318.51392560,38.85532635,0.03500000
0.09655148,0.02540015,0.03703392,266.03755632,149.90259113,0.03500000
0.09195140,0.02514425,0.03882184,223.04330481,1.28631304,0.03500000
0.05793710,0.09471946,0.06711174,180.58763964,141.39657362,0.03500000
0.01185455,0.03695611,0.02157144,76.28659063,113.33347551,0.03500000
0.02100442,0.05166565,0.01667311,53.43394986,85.00169392,0.03500000
0.06029529,0.04937317,0.09027389,319.19794916,119.73149603,0.03500000
0.01785526,0.01866928,0.03627592,79.93969470,141.42897742,0.03500000
0.07335783,0.09573390,0.00320656,308.86171728,47.01049190,0.03500000
0.01113726,0.01073704,0.09328811,119.61759967,143.43307176,0.03500000
0.02348215,0.06284936,0.08020678,257.38189929,153.07888344,0.03500000
0.08339612,0.02765090,0.00438908,98.79998127,44.06517513,0.03500000
0.00561049,0.02885714,0.03495834,94.75635835,132.70942655,0.03500000
0.08323032,0.05010091,0.03788965,253.56384873,144.21567294,0.03500000
0.00823002,0.07474440,0.02937460,74.78899000,0.03262585,0.03500000
0.03879964,0.00554398,0.02861717,154.60673214,83.49125921,0.03500000
0.06008582,0.04834831,0.03962010,343.87120502,104.17910689,0.03500000
0.00444595,0.06661143,0.06993057,62.43673736,166.11137066,0.03500000
0.03561239,0.09515764,0.06424640,169.21364156,37.88507254,0.03500000
0.04737016,0.03054243,0.06974789,57.98053931,70.62816252,0.03500000
0.07890643,0.02523673,0.04498248,317.13541987,141.75496780,0.03500000
0.01785561,0.06007982,0.08217930,169.36667635,170.49960915,0.03500000
0.03009616,0.04404019,0.01886192,40.70819814,33.09441827,0.03500000
0.00975800,0.07215291,0.06164314,22.01470678,156.77570288,0.03500000
0.03209104,0.07193349,0.09659857,154.02792949,162.24172269,0.03500000
0.07638180,0.06003670,0.03879487,258.44510470,75.65616421,0.03500000
0.09095506,0.05300238,0.03331438,239.13177770,103.40711772,0.03500000
0.04397114,0.01783934,0.02045910,43.54085040,120.73341995,0.03500000
0.01426477,0.07328530,0.03087973,279.35375738,134.28168247,0.03500000
0.01471388,0.00995819,0.05758623,142.41106539,5.59086027,0.03500000
0.01074311,0.01783299,0.05571590,327.88361906,16.96202689,0.03500000
0.08536857,0.07613710,0.01104141,227.89562240,28.87211652,0.03500000
0.02478950,0.07004428,0.05394965,161.77807800,152.98866817,0.03500000
0.04057659,0.00867028,0.07558247,183.51417505,118.84650555,0.03500000
0.04526564,0.09391331,0.07974531,202.80188584,109.08205857,0.03500000
0.05336629,0.01665520,0.02653544,338.33199991,137.25166186,0.03500000
0.06189199,0.01795812,0.04649190,195.48739054,152.37134717,0.03500000
0.02345541,0.05731499,0.07118283,143.35688046,55.69624968,0.03500000
0.06861584,0.04172004,0.07773507,348.08111200,179.46317549,0.03500000
0.00697616,0.04193542,0.01918258,256.95151120,1.76355799,0.03500000
0.06500890,0.06285050,0.03252021,323.76059002,86.63432729,0.03500000
0.07406594,0.00220131,0.07830893,177.80030269,139.48968618,0.03500000
0.08157501,0.02475045,0.00844978,282.03951911,33.83834496,0.03500000
0.06891827,0.05291395,0.02210328,331.35448851,105.20611602,0.03500000
0.04457157,0.09201563,0.08924687,176.47539096,159.21522917,0.03500000
0.03398506,0.04425856,0.06903909,348.52554618,82.24704444,0.03500000
0.01919073,0.02350755,0.02292037,225.86364102,51.83023429,0.03500000
0.06900993,0.02193246,0.00721801,349.66972256,25.93210403,0.03500000
0.07491075,0.02155056,0.08712850,9.91105814,157.47441922,0.03500000
0.05894856,0.09086487,0.00650183,123.79895697,7.50336849,0.03500000
0.00734005,0.09334009,0.03942289,185.42861069,6.62390860,0.03500000
0.02238647,0.08980800,0.07654755,25.47520503,164.59539069,0.03500000
0.09447060,0.00677403,0.08140954,111.98984940,91.90449913,0.03500000
0.06736126,0.07322711,0.01180528,169.85966211,105.22590669,0.03500000
0.00224316,0.00552932,0.06016289,66.68518081,39.29097149,0.03500000
0.03906555,0.07541996,0.08191465,178.89714779,124.12635037,0.03500000
0.04481853,0.06983168,0.07320914,251.61976762,138.38511539,0.03500000
0.07431050,0.04560507,0.01625590,212.92425287,89.93122346,0.03500000
0.02643127,0.01978392,0.04698053,128.05980955,68.55241209,0.03500000
0.01037030,0.01140493,0.00964677,86.30986578,66.16705875,0.03500000
0.01231703,0.00581426,0.01868403,56.06490597,117.56920487,0.03500000
0.03748050,0.00645829,0.03386342,129.16218965,136.78951809,0.03500000
0.09118888,0.07810989,0.01077687,141.88882461,79.65134647,0.03500000
0.08912306,0.08009612,0.06341314,314.81948451,161.37004993,0.03500000
0.03076134,0.06714726,0.07526301,293.76882111,51.74295462,0.03500000
0.07581552,0.07917887,0.06405028,328.04964271,133.37607728,0.03500000
0.02572280,0.09305148,0.01328860,329.93969064,102.99047643,0.03500000
0.06561396,0.02888515,0.00438234,67.93820436,61.13100479,0.03500000
0.01357264,0.06650592,0.07315692,48.83425517,151.91789553,0.03500000
0.08815991,0.01879088,0.02921563,79.69157808,115.56543283,0.03500000
0.08489526,0.07579075,0.00620005,78.36297630,44.82614830,0.03500000
0.06162991,0.07173377,0.04753618,118.69932239,30.50788074,0.03500000
0.07790409,0.05237144,0.01866185,114.26424914,36.11800927,0.03500000
0.03828037,0.00250896,0.00286792,82.50185245,69.63391093,0.03500000
0.08234499,0.03014039,0.00769202,62.57430492,33.64003135,0.03500000
0.08461331,0.01120688,0.08210760,117.85531440,160.58817299,0.03500000
0.09651179,0.08373784,0.09287781,282.29280408,169.45212354,0.03500000
0.05227913,0.08850567,0.06027105,173.74584177,46.03687643,0.03500000
0.04618170,0.06987350,0.06520315,269.53605417,26.88424672,0.03500000
0.04596572,0.08983116,0.05042252,352.63673275,86.16713115,0.03500000
0.06726888,0.06437623,0.08860851,46.03765197,99.97302318,0.03500000
0.03547194,0.07992403,0.09199503,179.75494959,150.36210692,0.03500000
0.05260192,0.01808993,0.01852395,201.56098589,39.62527868,0.03500000
0.04635476,0.09264048,0.00928929,123.55897536,7.76684937,0.03500000
0.01799216,0.06192900,0.06076502,103.42082494,159.93465226,0.03500000
0.01759771,0.04535000,0.02665751,345.05351369,113.65623559,0.03500000
0.07332657,0.00662700,0.04279617,262.18891677,174.72007536,0.03500000
0.02912083,0.09723977,0.01117246,342.91473226,0.01953623,0.03500000
0.07580103,0.01991494,0.02936101,337.43099214,145.79907033,0.03500000
0.01220002,0.08214737,0.04086010,240.58588704,168.19542518,0.03500000
0.09548953,0.00242447,0.04354415,102.31731778,13.87082173,0.03500000
0.04491831,0.00242319,0.02899796,92.85564243,32.48828793,0.03500000
0.08535019,0.07077038,0.04738271,164.71877716,90.06258099,0.03500000
0.01177833,0.02142032,0.04613303,96.63872090,90.21470469,0.03500000
0.03383195,0.08087583,0.09454146,10.38781661,129.37570765,0.03500000
0.03877540,0.08502760,0.08596734,236.16517311,94.21246714,0.03500000
0.08158586,0.09356006,0.05656507,285.83168948,106.90520787,0.03500000
0.03245730,0.01353037,0.02629399,326.88595790,135.17003466,0.03500000
0.08933494,0.07187900,0.04778078,119.35748395,40.69384091,0.03500000
0.00513438,0.03074267,0.02786034,42.63974528,12.40861017,0.03500000
0.06468679,0.05897258,0.02838342,89.08811227,107.54693249,0.03500000
0.05277717,0.01979038,0.09660940,342.55366642,141.49180234,0.03500000
0.09671444,0.03851082,0.08845800,90.77941201,159.53067675,0.03500000
0.04364742,0.05380674,0.02438795,211.08011679,130.67158587,0.03500000
0.09143928,0.08219650,0.05634780,164.80657442,32.96337478,0.03500000
0.08575271,0.02059957,0.08510561,319.82254527,148.28998460,0.03500000
0.01400651,0.04145038,0.00786611,56.34589473,90.66566643,0.03500000
0.07398549,0.04558829,0.03353258,112.57481275,159.46987096,0.03500000
0.02404877,0.01584871,0.02289195,65.48461313,124.04594375,0.03500000
0.04955359,0.01003557,0.04532955,272.84922734,9.05125171,0.03500000
0.09534465,0.08671236,0.08094457,165.35450303,155.36762941,0.03500000
0.02333281,0.09353271,0.01345978,293.58307885,75.69678902,0.03500000
0.06124616,0.06008804,0.07768227,343.94217603,149.80312147,0.03500000
0.07892364,0.08568935,0.00736372,180.78130113,67.55064646,0.03500000
0.02908476,0.09001171,0.00567622,157.79861736,12.88706009,0.03500000
0.09335305,0.07498594,0.02232473,269.39896249,50.76523742,0.03500000
0.06554919,0.05868480,0.07913144,172.11288057,89.83720014,0.03500000
0.05291075,0.06561226,0.03969548,226.53657782,66.75154572,0.03500000
0.01127514,0.00242694,0.05352608,5.32881925,18.58795300,0.03500000
0.01607804,0.07695623,0.01838015,260.71391481,44.68793317,0.03500000
0.00376999,0.09609362,0.06253836,2.49620731,71.89351189,0.03500000
0.07112885,0.03766529,0.07826253,137.66925181,163.66634162,0.03500000
0.05988229,0.00367629,0.00402116,132.04510449,57.98676741,0.03500000
0.05001836,0.08173422,0.00250697,54.14717128,32.93478681,0.03500000
0.03405984,0.01012761,0.04242681,72.68388353,171.49066054,0.03500000
0.02523852,0.00402098,0.00822836,12.48280976,42.61476827,0.03500000
0.07446129,0.02828575,0.00906051,177.41795471,77.20482729,0.03500000
0.07954740,0.06146853,0.08588285,234.26292576,119.61617372,0.03500000
0.05896476,0.03416914,0.04749182,86.63961774,25.64679279,0.03500000
0.00307894,0.02429987,0.04757142,33.18389410,154.75425075,0.03500000
0.06973062,0.05907354,0.08368570,72.13248419,112.61643312,0.03500000
0.06729326,0.02628222,0.08191289,64.11046227,70.83274744,0.03500000
0.00930139,0.02884908,0.01332372,95.31234081,37.01576825,0.03500000
0.04593564,0.09173256,0.05549490,307.51740991,1.95783393,0.03500000
0.01450517,0.03915347,0.01347940,38.33902343,69.10309525,0.03500000
0.09394610,0.07721398,0.05802999,207.63894692,119.90745988,0.03500000
0.04574371,0.03231627,0.06236498,45.73660883,131.15192183,0.03500000
0.00712839,0.08191004,0.06091338,57.36703139,1.07996200,0.03500000
0.09105714,0.05301017,0.08045570,178.42084079,68.45922134,0.03500000
0.07303371,0.00367508,0.03981028,89.57116367,4.35685903,0.03500000
0.08854930,0.02046634,0.01527458,214.70577667,43.69094273,0.03500000
0.01823888,0.04572514,0.06308654,197.45362506,161.02637473,0.03500000
0.02236935,0.07648676,0.00337241,310.80621389,27.41544581,0.03500000
0.03527744,0.01232084,0.03270415,180.05920829,52.30888238,0.03500000
0.07879699,0.02192261,0.06370318,242.68618416,10.02281788,0.03500000
0.06748579,0.02628107,0.07315405,315.41136470,46.64105568,0.03500000
0.07360421,0.08444622,0.07405653,171.59103811,131.72924589,0.03500000
0.03594642,0.05054317,0.01772803,105.62269286,52.06218001,0.03500000
0.07752489,0.04908255,0.00775572,9.47937979,9.05717003,0.03500000
0.03658421,0.03422235,0.02536571,227.51741597,114.39124723,0.03500000
0.09154837,0.03056615,0.04024205,285.52674979,43.89243767,0.03500000
0.01422800,0.05145074,0.06266232,200.94521834,176.93842410,0.03500000
0.00319344,0.03323159,0.04496224,25.40704239,58.66562586,0.03500000
0.04676612,0.05948371,0.07747398,243.83176740,152.03079857,0.03500000
0.01231115,0.06613969,0.05025516,323.11481428,81.38158029,0.03500000
0.06300419,0.08422133,0.01692748,152.30280256,73.06784204,0.03500000
0.03862279,0.08522394,0.00991596,278.98807325,53.21411173,0.03500000
0.06906704,0.02141772,0.00246240,278.90831709,12.66213795,0.03500000
0.05978371,0.05511909,0.06814331,196.25272931,35.84811961,0.03500000
0.05808165,0.08715017,0.07176755,23.64616000,43.44601855,0.03500000
0.01068356,0.09695537,0.02787266,264.06325648,6.75314956,0.03500000
0.08286388,0.08469975,0.08641635,20.17099843,177.06894413,0.03500000
0.03149728,0.00931722,0.04386092,0.58381663,152.91723360,0.03500000
0.06159251,0.04232214,0.07140063,191.48036580,136.67452976,0.03500000
0.02065215,0.00391320,0.07019298,357.12663943,75.49616397,0.03500000
0.04268752,0.08474543,0.06471165,311.44420736,0.68724762,0.03500000
0.05968441,0.02805071,0.07021824,145.63231670,138.05696165,0.03500000
0.04112310,0.09149315,0.05988040,324.09747201,112.93567733,0.03500000
0.02065933,0.08782376,0.05913515,230.15670529,35.33034948,0.03500000
0.04302893,0.01998558,0.02078772,202.31175719,115.84439217,0.03500000
0.03124342,0.09687438,0.00664088,259.62957514,8.25113828,0.03500000
0.01580689,0.07635745,0.04733369,94.19088420,158.76016251,0.03500000
0.03601965,0.01618295,0.01971404,95.72504255,121.71325762,0.03500000
0.07500066,0.09367271,0.07381739,257.07484845,132.76006251,0.03500000
0.09011930,0.04679664,0.01296757,77.12184470,18.82388254,0.03500000
0.07117632,0.04226948,0.00380600,326.35811139,34.22038664,0.03500000
0.05331896,0.04157701,0.00551539,141.01488691,84.80117162,0.03500000
0.06840507,0.06914815,0.05141694,287.98174571,153.03469769,0.03500000
0.03514166,0.05317587,0.05496348,169.33073357,24.75967839,0.03500000
0.05222636,0.04501290,0.08561170,239.94733698,179.35368357,0.03500000
0.09625635,0.04330398,0.06720887,141.26110800,24.14383170,0.03500000
0.02730502,0.05029091,0.06830809,118.10726603,88.11412594,0.03500000
0.08375843,0.05306368,0.09461147,171.34370392,151.98346766,0.03500000
0.02800030,0.09280095,0.07162161,244.79099295,127.70116059,0.03500000
0.01827143,0.07165489,0.05298307,288.94409218,156.15391410,0.03500000
0.06592174,0.00526386,0.04548017,166.84804267,90.82439509,0.03500000
0.09090427,0.05255577,0.06481594,278.85519098,133.14403587,0.03500000
0.08826901,0.04242407,0.07665030,237.60854884,64.21066749,0.03500000
0.04132519,0.02209763,0.01339578,209.47226782,87.91550777,0.03500000
0.07445008,0.02727482,0.03502820,336.74591588,129.35346653,0.03500000
0.00499310,0.08984590,0.04879090,9.94491737,176.58208038,0.03500000
0.07218048,0.01394861,0.00699620,340.79639252,30.55905385,0.03500000
0.09221972,0.04351364,0.04370156,76.27026658,5.38377575,0.03500000
0.06041173,0.04239765,0.06312659,358.70916656,38.37023947,0.03500000
0.03996311,0.09762265,0.03310652,336.30818142,155.37861689,0.03500000
0.06048123,0.04961970,0.06357587,280.20788466,34.78925484,0.03500000
0.08517894,0.02519256,0.05572740,257.43378067,22.57560621,0.03500000
0.01688991,0.08021212,0.01671956,130.53989628,46.88164741,0.03500000
0.02872280,0.08356843,0.08582487,160.81549267,172.10472144,0.03500000
0.02984942,0.07998649,0.01886235,262.30453290,94.48639860,0.03500000
0.01879605,0.00929080,0.03497967,96.06500387,141.14344456,0.03500000
0.01424261,0.07899694,0.03367903,279.80607879,37.04219895,0.03500000
0.09631343,0.03187806,0.03657495,167.40568275,0.85326824,0.03500000
0.03130416,0.03426359,0.00858472,213.65879743,94.78751611,0.03500000
0.07944228,0.02289974,0.07786340,127.92147986,112.57852124,0.03500000
0.00584021,0.07837919,0.04326542,52.64473819,9.93046443,0.03500000
0.03535169,0.05061660,0.03470749,331.10399150,15.36458853,0.03500000
0.01690109,0.06469939,0.09552276,95.61266153,92.19320711,0.03500000
0.01656724,0.00411136,0.09485763,180.81705297,165.52583172,0.03500000
0.00988159,0.03150991,0.04628847,234.08664437,165.61636740,0.03500000
0.06620151,0.05058432,0.06616250,6.67798646,57.71831429,0.03500000
0.03026112,0.02822610,0.00605096,142.78235690,49.13297410,0.03500000
0.06485706,0.05690216,0.09189038,342.52939745,158.39537503,0.03500000
0.01596137,0.01148390,0.00351937,332.44573436,21.86614795,0.03500000
0.03035780,0.03799736,0.01686875,156.78825513,69.62970175,0.03500000
0.06515549,0.06322991,0.07240064,325.02296707,98.81133517,0.03500000
0.00253218,0.08994137,0.06957652,332.43081438,134.27290028,0.03500000
0.04829094,0.02547939,0.05362609,96.41095358,82.91522858,0.03500000
0.02544478,0.04967240,0.04659982,96.64726824,94.15604469,0.03500000
0.03977725,0.04670547,0.06921107,167.28948667,177.02750232,0.03500000
0.00467782,0.03141677,0.04685501,300.17851906,87.36277398,0.03500000
0.06290727,0.03404019,0.09383156,333.00389237,92.49581175,0.03500000
0.03404015,0.04481868,0.02979811,26.89425447,79.45399273,0.03500000
0.00461938,0.04076533,0.02399546,63.22310691,82.95184676,0.03500000
0.09675610,0.01422985,0.04752214,145.70228874,159.24283745,0.03500000
0.00755130,0.08588148,0.01963893,294.38663182,14.37394141,0.03500000
0.02171048,0.09369101,0.01340060,28.65368928,16.37527006,0.03500000
0.05562516,0.08833427,0.02007545,192.54449839,97.45885165,0.03500000
0.08578276,0.01222418,0.00528205,135.95194867,26.64977068,0.03500000
0.06815186,0.00527429,0.03596009,186.51544599,148.94625375,0.03500000
0.05295161,0.09232037,0.01811241,171.44538134,14.52955963,0.03500000
0.06600890,0.03454340,0.09751666,294.02087265,103.26899626,0.03500000
0.07759160,0.05120538,0.00230259,306.73533111,15.56207632,0.03500000
0.03488773,0.06911541,0.08528456,39.04161600,127.55853060,0.03500000
0.09648229,0.06355661,0.08360493,88.27726007,155.12093049,0.03500000
0.09254188,0.04314130,0.04938672,286.59349348,150.79075308,0.03500000
0.01769084,0.09290005,0.04946473,333.27612311,124.92588070,0.03500000
0.02307870,0.01853604,0.00861836,230.04969566,30.90586767,0.03500000
0.08978360,0.09703781,0.03638545,28.82621188,2.28610750,0.03500000
0.06106185,0.07660568,0.05239807,183.96121755,166.85809219,0.03500000
0.09039708,0.03474811,0.07100146,287.11465522,150.95326969,0.03500000
0.05250115,0.08627650,0.08070570,193.99478551,139.74070718,0.03500000
0.03944241,0.03870777,0.06416371,102.58857757,60.85950836,0.03500000
0.04836458,0.02254380,0.05199427,204.14227586,120.49522734,0.03500000
0.08439500,0.06884174,0.01913454,174.00077496,92.66681060,0.03500000
0.06315846,0.03761563,0.07789452,280.40983150,99.92548056,0.03500000
0.02139737,0.08757275,0.01729753,293.03018179,50.95122797,0.03500000
0.02792015,0.06508319,0.04427074,309.85188545,178.08539841,0.03500000
0.08057645,0.00572110,0.06098375,185.57694712,47.27507429,0.03500000
0.05544610,0.02326294,0.07214544,105.15415710,133.05115903,0.03500000
0.00977183,0.09502459,0.08441756,109.15503157,173.70286996,0.03500000
0.05449266,0.09013553,0.06198128,31.19689766,29.41428875,0.03500000
0.06447493,0.08316005,0.01592863,189.71960334,70.03424692,0.03500000
0.08428356,0.06411932,0.09624351,222.20730015,156.11847834,0.03500000
0.08236227,0.00843677,0.06248745,61.37042097,124.73791025,0.03500000
0.05090800,0.09071121,0.02421526,270.07307907,56.96482127,0.03500000
0.00336144,0.09333137,0.05500860,21.11358366,28.96985006,0.03500000
0.01485704,0.01157870,0.04972760,175.60001631,8.43027245,0.03500000
0.01745864,0.02298167,0.05823818,302.94995382,168.58235243,0.03500000
0.04065244,0.04802230,0.01568193,29.57599343,2.11125074,0.03500000
0.06722799,0.01744767,0.01262696,211.30731306,38.72439521,0.03500000
0.06354597,0.02913977,0.07014924,228.50003902,94.23265427,0.03500000
0.09004897,0.00436469,0.07213564,137.28482948,171.22222961,0.03500000
0.00302416,0.08665817,0.02983444,314.65003688,139.82130615,0.03500000
0.06830032,0.06044910,0.04148808,14.57462244,147.24766967,0.03500000
0.00665872,0.02099731,0.06401372,226.70292786,0.24716424,0.03500000
0.02292356,0.00338501,0.00909064,50.93263825,1.07170171,0.03500000
0.03123299,0.08521768,0.02083765,162.74398652,2.98546271,0.03500000
0.07821018,0.00395202,0.08700162,182.66423877,69.62254457,0.03500000
0.08897735,0.01900115,0.05758766,78.57494092,116.04418556,0.03500000
0.01089448,0.02071170,0.01913628,20.31989785,119.12799160,0.03500000
0.07674713,0.04952219,0.03191738,274.30346182,53.65427429,0.03500000
0.00706364,0.06658117,0.09555056,357.24198371,158.92478077,0.03500000
0.01498526,0.09394759,0.00263515,72.24098344,2.44651257,0.03500000
0.02607281,0.08778441,0.04307878,273.07205361,117.95535809,0.03500000
0.01198015,0.06001263,0.01515384,248.12907242,19.17982259,0.03500000
0.06448692,0.04501903,0.02055325,84.12885423,44.61909303,0.03500000
0.07691028,0.05249580,0.02472019,201.52063819,54.47589744,0.03500000
0.01904278,0.04901389,0.06458355,323.99645960,94.84632623,0.03500000
0.03885859,0.06989799,0.07588391,338.25847796,71.00909377,0.03500000
0.03420964,0.09430171,0.01347537,9.35002317,77.31561042,0.03500000
0.05596995,0.00695759,0.04649820,41.63219709,154.66648834,0.03500000
0.01398289,0.09294419,0.08382188,8.12008820,175.94609925,0.03500000
0.05722497,0.07368882,0.01441259,91.03816707,18.75294512,0.03500000
0.09771205,0.00995188,0.03148883,127.19832809,120.53312605,0.03500000
0.09369839,0.04826904,0.02724488,252.53783097,17.16199816,0.03500000
0.06428521,0.00627207,0.02276447,15.23307027,104.94866766,0.03500000
0.00498080,0.07390118,0.03470497,280.06879587,147.62856334,0.03500000
0.06420996,0.03697441,0.04888603,63.09059668,92.02298328,0.03500000
0.08792419,0.04504774,0.03363189,250.82443019,131.33414178,0.03500000
0.05336955,0.01452461,0.05113890,172.13357806,158.29502849,0.03500000
0.08024701,0.07009214,0.00650243,147.03252833,48.73804961,0.03500000
0.08902201,0.02193789,0.00638996,191.96251713,77.41119057,0.03500000
0.08659196,0.00230103,0.03964536,174.29286842,173.14731686,0.03500000
0.00924709,0.04045549,0.02083432,76.17068924,5.90001486,0.03500000
0.04880691,0.09012359,0.06059129,31.34108356,14.10851017,0.03500000
0.06298669,0.02002680,0.01790820,161.66153537,97.33704246,0.03500000
0.07163252,0.07975525,0.01760614,323.70958843,114.61401840,0.03500000
0.09668946,0.05540255,0.09359503,195.29728929,117.40156386,0.03500000
0.06488973,0.01383066,0.04196611,18.65824792,105.07722552,0.03500000
0.09289735,0.03979746,0.09536647,181.98922493,99.23825445,0.03500000
0.06352594,0.01937693,0.01501397,141.16864719,82.74670581,0.03500000
0.01142565,0.08559599,0.09252790,282.18105895,154.32377550,0.03500000
0.02221530,0.09149963,0.02945951,283.50894183,9.78672136,0.03500000
0.08139771,0.05171917,0.00893320,129.51529232,24.26399749,0.03500000
0.00950274,0.02551217,0.07289908,245.32066473,147.28853474,0.03500000
0.09432967,0.08566260,0.06736546,260.16453030,174.81979564,0.03500000
0.02695797,0.08364522,0.07553074,321.62475496,99.71437531,0.03500000
0.05703295,0.08713870,0.02978175,350.23211043,139.66562835,0.03500000
0.02896677,0.06031716,0.00944717,274.00881039,105.35038758,0.03500000
0.05414885,0.01743619,0.05025003,204.89193310,174.62634490,0.03500000
0.08157794,0.03245347,0.02703524,168.61153439,15.33857994,0.03500000
0.06121323,0.08023293,0.01918594,220.31317889,86.04624287,0.03500000
0.05144233,0.06520942,0.08423426,101.45486790,163.62751026,0.03500000
0.04126163,0.09636548,0.05561078,359.19823818,45.40972434,0.03500000
0.00281435,0.03193431,0.07199238,63.95225674,149.21900254,0.03500000
0.06421536,0.08221542,0.02152467,216.42146303,96.62554630,0.03500000
0.04058122,0.08065558,0.08814661,227.88839887,83.60885043,0.03500000
0.09496092,0.04369249,0.01275640,85.51019739,55.85874448,0.03500000
0.02519974,0.06029629,0.06532405,114.23809928,15.81189900,0.03500000
0.07534339,0.06265500,0.03848179,12.75219613,143.75616161,0.03500000
0.04026102,0.06572574,0.00676588,54.33190228,26.18311524,0.03500000
0.02823467,0.07408817,0.01111899,31.69597725,107.44324826,0.03500000
0.03464472,0.02836591,0.04759683,92.07485350,54.80141331,0.03500000
0.04999456,0.04249749,0.05532595,350.18947392,131.32597603,0.03500000
0.04212305,0.08427735,0.01981509,34.02427445,15.69452546,0.03500000
0.04701486,0.04562549,0.05887307,250.67965337,1.23740427,0.03500000
0.02281443,0.05507388,0.04146332,243.75030191,54.15827401,0.03500000
0.01622577,0.00498670,0.06443016,356.28172804,18.27239222,0.03500000
0.08075653,0.00775511,0.03920923,81.52680307,145.54404908,0.03500000
0.07911077,0.07548363,0.07668742,20.51642315,141.95553191,0.03500000
0.09297216,0.08532073,0.05923147,287.67644849,29.84933672,0.03500000
0.07525687,0.05263304,0.03296015,319.82586438,131.71413308,0.03500000
0.07330318,0.00210659,0.04294724,133.51701560,146.49860674,0.03500000
0.07027993,0.04134955,0.09231277,294.68746703,92.32527826,0.03500000
0.07110178,0.04448650,0.04788424,312.42767165,128.11286325,0.03500000
0.07435081,0.07072102,0.02678160,291.86055110,81.54519568,0.03500000
0.05017111,0.09465214,0.02026598,205.51922098,7.95812602,0.03500000
0.04912642,0.00639147,0.05092618,113.39143456,162.51846466,0.03500000
0.07606432,0.06692090,0.08036811,83.44924829,57.31826689,0.03500000
0.03934654,0.04795725,0.09492743,36.72692910,96.49956567,0.03500000
0.03894325,0.00360886,0.02534287,207.15315377,10.53747869,0.03500000
0.06753987,0.04114108,0.02191953,329.10698659,98.62184194,0.03500000
0.09161919,0.09492519,0.01987929,281.78042290,11.51070614,0.03500000
0.09227229,0.07944330,0.04036864,217.08746748,178.37190436,0.03500000
0.05760520,0.03757869,0.08389975,116.14107224,78.63714213,0.03500000
0.00328764,0.09529042,0.09597614,358.28685424,153.97854056,0.03500000
0.09725511,0.02647355,0.05787832,228.64117737,119.28564057,0.03500000
0.06798075,0.07702752,0.00756915,153.46534141,32.96148067,0.03500000
0.05702356,0.00213048,0.06727337,140.42740205,164.88872190,0.03500000
0.08906250,0.01793268,0.04028405,100.68917680,15.98402585,0.03500000
0.03258167,0.05437850,0.03991851,143.06953264,133.25046362,0.03500000
0.03788674,0.01983443,0.04819987,209.96374951,177.97914850,0.03500000
0.07221855,0.00378352,0.04260797,152.68192930,71.30829103,0.03500000
0.09231887,0.07387824,0.05585499,18.44774966,174.00864131,0.03500000
0.09561618,0.01958857,0.05910169,135.35335020,47.91145503,0.03500000
0.03748407,0.08718634,0.07633029,320.49349350,104.07583885,0.03500000
0.01774301,0.07679560,0.00960600,277.62317907,18.62441093,0.03500000
0.07845342,0.00430673,0.05547907,86.68740197,32.59694582,0.03500000
0.01904462,0.09660311,0.03946924,232.39646128,160.45333970,0.03500000
0.04881439,0.09638608,0.04900291,3.35647740,17.73740349,0.03500000
0.01174462,0.07760233,0.03899861,276.28287076,68.29529298,0.03500000
0.03959270,0.04980142,0.01201587,129.07607623,103.58817407,0.03500000
0.02624152,0.04927311,0.01861396,336.46543808,96.94157575,0.03500000
0.02093465,0.07084613,0.05042648,250.12629293,170.79482239,0.03500000
0.00387271,0.02085184,0.07864819,251.85794413,168.24444376,0.03500000
0.09479637,0.04617399,0.05334846,133.25581242,149.49944720,0.03500000
0.08619565,0.08947915,0.00679920,224.20250420,98.39428217,0.03500000
0.00622448,0.09400881,0.03544310,281.26012688,161.86035451,0.03500000
0.01167508,0.09075629,0.02468874,103.63567911,6.04263409,0.03500000
0.02188657,0.00319909,0.05714477,119.30433439,138.98836811,0.03500000
0.04895791,0.09162871,0.00466402,287.11796948,32.08566452,0.03500000
0.04615937,0.06070403,0.05389404,259.74030156,10.41628516,0.03500000
0.06963146,0.01919879,0.01626403,68.88958814,22.98894103,0.03500000
0.08672732,0.02511090,0.06152994,316.89120373,24.23431227,0.03500000
0.01814998,0.06736318,0.02133213,232.23279565,28.60336150,0.03500000
0.06636650,0.09675366,0.04889512,328.30795240,62.86691607,0.03500000
0.06757231,0.08824201,0.09598445,345.91123701,121.20652555,0.03500000
0.08456304,0.00285265,0.07061419,44.33184206,144.17344779,0.03500000
0.05528726,0.04347259,0.07690474,264.47513854,140.90752643,0.03500000
0.00311736,0.09032773,0.07090353,350.87721567,162.24354872,0.03500000
0.05106287,0.04005309,0.07618843,7.94163663,49.64135709,0.03500000
0.03192236,0.03743343,0.05680153,157.14521513,111.55966087,0.03500000
0.08254787,0.02941889,0.02014235,222.57411760,86.56676987,0.03500000
0.05228998,0.08795107,0.01651315,145.48863814,30.33946733,0.03500000
0.05932662,0.03417467,0.07329628,141.15672584,143.74788225,0.03500000
0.07754630,0.05713141,0.09561952,224.71045934,156.46012228,0.03500000
0.02203814,0.09295201,0.06013922,165.40111465,37.12160473,0.03500000
0.07469976,0.00451882,0.03191676,254.80256013,0.79919177,0.03500000
0.09320290,0.05693400,0.09427337,246.41594149,118.55105146,0.03500000
0.04341982,0.05216820,0.05860860,338.54643499,4.31299646,0.03500000
0.02739287,0.03959561,0.06164463,116.31772998,139.57502520,0.03500000
0.01847777,0.08512149,0.04300897,223.31450566,160.88509941,0.03500000
0.09425292,0.08610691,0.07397222,210.09500782,115.90293450,0.03500000
0.01686887,0.00767413,0.06553318,97.96391022,36.75970006,0.03500000
0.03800926,0.05317252,0.04482640,94.07830611,168.24329100,0.03500000
0.09701100,0.08095417,0.08500762,232.47159450,67.76543881,0.03500000
0.07003823,0.06076458,0.07948790,55.28935317,70.74538918,0.03500000
0.05944185,0.04610772,0.06363255,355.91114849,144.97275507,0.03500000
0.04043824,0.09086532,0.05402822,81.06191811,8.40219636,0.03500000
0.08497879,0.03949447,0.08650013,154.14749911,116.42756446,0.03500000
0.01888165,0.07480270,0.09544497,236.22008042,115.29800188,0.03500000
0.09258766,0.04408732,0.03568001,252.10690176,165.57910179,0.03500000
0.00454222,0.05537018,0.01881610,7.53251689,83.32166564,0.03500000
0.07254377,0.01988170,0.04414359,201.86100615,116.57797770,0.03500000
0.08923835,0.05519723,0.09244345,187.81945863,119.46552367,0.03500000
0.09369288,0.02691752,0.02501765,94.73301853,54.16988560,0.03500000
0.05517195,0.03247824,0.08934228,14.46543642,157.48430728,0.03500000
0.01495745,0.06505575,0.09108902,55.74820794,103.57531481,0.03500000
0.04263373,0.05544726,0.04377232,336.65551250,8.94260350,0.03500000
0.06116855,0.08773303,0.00655096,154.59529143,16.85604622,0.03500000
0.06667513,0.01066820,0.01099256,343.04892734,24.22122027,0.03500000
0.05231479,0.00213622,0.01066641,57.88585978,29.26717991,0.03500000
0.07461682,0.01561075,0.04434941,28.97601607,155.19530048,0.03500000
0.08603013,0.02280177,0.02117145,73.58068662,124.98935834,0.03500000
0.04666196,0.07991931,0.05975367,66.84782770,150.87960845,0.03500000
0.08907474,0.07659790,0.07128795,312.15612996,172.36160258,0.03500000
0.03282037,0.06033249,0.03887842,24.11826698,81.84663827,0.03500000
0.06336383,0.09146907,0.02688834,301.93457959,128.18912233,0.03500000
0.02984793,0.00549538,0.09038354,348.05760874,166.39000490,0.03500000
0.07081717,0.03607627,0.07211516,130.43247838,61.09910937,0.03500000
0.07590612,0.01099636,0.08424290,15.29644377,155.36679816,0.03500000
0.01730906,0.07371293,0.00254703,144.49204144,32.98137188,0.03500000
0.01174111,0.01273120,0.06473968,134.98680692,158.75128852,0.03500000
0.04055177,0.05795466,0.02236477,144.83274151,117.04443604,0.03500000
0.01522849,0.01213547,0.03854369,255.57937947,173.85609859,0.03500000
0.03347666,0.06007281,0.04220331,169.38908374,130.74882578,0.03500000
0.03218661,0.08731046,0.04687753,41.71313064,166.84534806,0.03500000
0.02886353,0.04368755,0.01608515,64.31367524,62.17796268,0.03500000
0.09385467,0.02787319,0.02054123,242.64910338,123.86145306,0.03500000
0.09003914,0.06191014,0.04694395,233.28025031,176.32230490,0.03500000
0.01272756,0.06115873,0.00974831,21.03981260,11.59329329,0.03500000
0.08776644,0.03672364,0.02889891,120.71497980,138.72916509,0.03500000
0.05110093,0.00677626,0.04038220,42.13201909,149.99346920,0.03500000
0.05012429,0.02941706,0.09725139,28.72266575,137.30447197,0.03500000
0.02361616,0.02248195,0.01015700,315.95722960,55.45316857,0.03500000
0.02427095,0.08985229,0.07255727,353.32820928,41.79204020,0.03500000
0.05121397,0.06991236,0.08957157,301.25923056,97.57387538,0.03500000
0.04015772,0.05837332,0.08500618,336.09409731,126.84905266,0.03500000
0.03120417,0.08038530,0.08525093,330.29389224,93.53088441,0.03500000
0.07992424,0.00888256,0.07984660,341.73749475,152.11450308,0.03500000
0.01805461,0.05834726,0.01103601,45.67752362,100.80079771,0.03500000
0.04653037,0.00813714,0.02941875,290.33911543,10.84606334,0.03500000
0.03663499,0.03539519,0.01480680,2.31702275,101.33192080,0.03500000
0.04998804,0.04047968,0.05537928,144.16179694,84.18126223,0.03500000
0.06837190,0.04355262,0.06239160,159.60432334,72.59735510,0.03500000
0.09238297,0.01760746,0.03251546,185.35305789,4.35152145,0.03500000
0.02923922,0.01594122,0.00472687,50.53161531,6.17841736,0.03500000
0.04375800,0.06360942,0.00392235,186.90980255,61.85669125,0.03500000
0.04018790,0.09276030,0.03191111,189.97992139,122.87660717,0.03500000
0.02507969,0.05011015,0.01301832,182.25961159,17.29127853,0.03500000
0.09004107,0.05729237,0.09453549,205.19039248,124.33535243,0.03500000
0.07591978,0.04312030,0.01259490,250.63474051,37.18040885,0.03500000
0.00888738,0.06990040,0.05719816,9.46407371,7.21821140,0.03500000
0.08649528,0.04360823,0.03170462,291.13343576,68.70300196,0.03500000
0.06489312,0.09408699,0.05912004,351.89144374,106.72807314,0.03500000
0.00844237,0.03051432,0.09703406,185.33748224,167.20402233,0.03500000
0.04045052,0.08868439,0.08257979,355.79801199,104.88528744,0.03500000
0.05667342,0.00243944,0.00836584,175.60359403,1.30165498,0.03500000
0.07166066,0.03440307,0.01796399,209.27112959,106.23861123,0.03500000
0.04546197,0.08189943,0.05909093,274.50955449,6.08766987,0.03500000
0.01981099,0.02451042,0.06906818,317.65638397,36.45952061,0.03500000
0.03681365,0.08428021,0.06445614,348.16930575,12.92511306,0.03500000
0.05228281,0.07126645,0.07029891,77.30322120,141.71198250,0.03500000
0.06585712,0.03884969,0.05464913,180.40367779,74.97593080,0.03500000
0.06462614,0.05872069,0.07951657,41.85435399,67.84500877,0.03500000
0.06045536,0.08344592,0.04379158,237.60021176,157.50409587,0.03500000
0.07220911,0.05517193,0.01965080,254.26581474,21.30911001,0.03500000
0.06236270,0.02211443,0.02386401,214.42407649,71.48253298,0.03500000
0.04840005,0.08901829,0.01388233,90.25225442,5.38917766,0.03500000
0.04088179,0.04099233,0.01300016,268.68286348,102.09313408,0.03500000
0.04213890,0.03664263,0.03713100,178.12495137,178.41883369,0.03500000
0.03948918,0.05919418,0.05344546,71.78090895,178.61809461,0.03500000
0.03332325,0.00441462,0.00244287,91.63185191,58.95560861,0.03500000
0.08885554,0.03927197,0.06970566,174.89282351,34.61812530,0.03500000
0.08594384,0.01435150,0.05735822,240.31008251,173.14671390,0.03500000
0.03614980,0.07971396,0.08864969,26.17151503,115.54371558,0.03500000
0.09689502,0.03797214,0.07599195,237.82708043,119.97166307,0.03500000
0.09446997,0.02136082,0.00985172,126.04438637,88.81247508,0.03500000
0.02252900,0.02913500,0.00251141,116.33445352,57.22473481,0.03500000
0.05929216,0.04697578,0.03590434,339.09421525,22.05163381,0.03500000
0.02087899,0.07936065,0.02579618,272.92785086,6.22136631,0.03500000
0.05429479,0.05533097,0.09713402,182.73533125,165.88898129,0.03500000
0.00508679,0.07290189,0.01775641,346.84632344,118.37764025,0.03500000
0.03893025,0.08660977,0.01366859,247.04147840,93.96803969,0.03500000
0.03206893,0.03444911,0.05632733,288.68658112,138.18331881,0.03500000
0.08458564,0.00212651,0.09564570,176.55550875,164.58406968,0.03500000
0.01877430,0.09331583,0.05093605,7.24260583,12.21359201,0.03500000
0.04654313,0.08117159,0.05729489,16.92733368,93.97520665,0.03500000
0.00836901,0.09747695,0.03326591,349.59320320,39.98025712,0.03500000
0.01658085,0.09036201,0.04450655,195.17734799,28.93091194,0.03500000
0.01180351,0.08652274,0.05753436,336.83236834,2.02815162,0.03500000
0.04389329,0.05481404,0.07492531,269.89170271,136.79918182,0.03500000
0.04855618,0.09570258,0.06484465,196.70501186,163.22271035,0.03500000
0.01435698,0.07926929,0.03588943,3.28774932,145.35260371,0.03500000
0.04593611,0.04020987,0.04633079,56.93813639,27.51701935,0.03500000
0.04719865,0.07819390,0.03126057,194.21301642,91.39129542,0.03500000
0.06288379,0.08937760,0.02272240,226.14453111,114.56309722,0.03500000
0.01802178,0.02112903,0.07944057,224.30203077,144.88935371,0.03500000
0.05670370,0.05927538,0.09343457,322.78162562,87.07434074,0.03500000
0.08490243,0.00264609,0.03567636,172.00712844,163.88780796,0.03500000
0.01650870,0.05354818,0.03770295,248.03320393,35.17185504,0.03500000
0.02331588,0.01218731,0.09386813,355.80359317,88.18297761,0.03500000
0.00409484,0.07822159,0.06904097,36.63943967,100.95788448,0.03500000
0.01521336,0.07719600,0.02342841,93.41965834,4.31259039,0.03500000
0.04177265,0.03834298,0.02671495,270.61267232,106.71358493,0.03500000
0.06391302,0.03469660,0.06790307,116.79414716,41.69160533,0.03500000
0.02583423,0.06995215,0.08453624,35.41872619,133.62582218,0.03500000
0.03054025,0.05953795,0.04914652,347.70534935,162.49297139,0.03500000
0.00351828,0.07275261,0.04768041,301.53338966,70.69762794,0.03500000
0.06324684,0.02965791,0.05116229,12.51038014,135.78746910,0.03500000
0.04103673,0.09351552,0.01716493,210.53915121,50.70480141,0.03500000
0.02081437,0.05808411,0.01988141,197.05975271,15.50214340,0.03500000
0.04468778,0.05495283,0.03826407,200.37402452,66.27987282,0.03500000
0.02635605,0.08639209,0.09249958,153.25873174,160.00544229,0.03500000
0.07135648,0.03861633,0.01860311,35.66419209,79.61543263,0.03500000
0.02679138,0.09420408,0.09741150,196.13704880,128.58764005,0.03500000
0.03445248,0.00410935,0.05044925,192.34405492,5.84333030,0.03500000
0.06568307,0.03240643,0.02311125,307.33531507,89.55835752,0.03500000
0.05836960,0.08879969,0.03334834,297.01936124,143.09596451,0.03500000
0.08835416,0.09670522,0.04424428,297.49339539,5.08990425,0.03500000
0.03978183,0.05846732,0.04514942,242.84557312,158.09108749,0.03500000
0.06027682,0.07712450,0.05773889,121.48972142,164.13808375,0.03500000
0.08886584,0.06994820,0.09015032,153.97682230,75.72985448,0.03500000
0.09244447,0.01059899,0.02942734,90.49130132,121.50319353,0.03500000
0.04874940,0.09316943,0.01573507,90.41344055,1.27900065,0.03500000
0.06247451,0.09254306,0.03470208,244.58934261,3.89121165,0.03500000
0.02309032,0.06015792,0.02092362,322.99811094,43.35333784,0.03500000
0.03816789,0.06969024,0.00824077,55.45171597,89.80233322,0.03500000
0.05353551,0.08600213,0.09144731,235.49391966,89.22143495,0.03500000
0.06826284,0.07166753,0.09273868,26.99764176,120.72801305,0.03500000
0.03861803,0.03999098,0.01335838,359.57163665,71.76359144,0.03500000
0.07206295,0.00795602,0.08358782,57.98205949,103.55154895,0.03500000
0.02955534,0.04349004,0.05797586,297.15573707,119.77844874,0.03500000
0.07072267,0.03867195,0.01187421,104.76234722,10.88243416,0.03500000
0.04420474,0.07103336,0.05992935,297.34020408,8.55946090,0.03500000
0.07274406,0.04230133,0.08960924,158.40206504,118.31439562,0.03500000
0.03674282,0.07818114,0.01263775,165.61549653,23.37290093,0.03500000
0.01249670,0.06601121,0.03768080,321.32422996,61.35889877,0.03500000
0.02474912,0.06568544,0.03085666,212.24725375,14.79988421,0.03500000
0.08028396,0.04978991,0.09682581,276.76013874,164.02381697,0.03500000
0.03318919,0.05022155,0.04004621,122.01792840,55.57631893,0.03500000
0.07727733,0.06770978,0.01312791,287.82486834,54.11915541,0.03500000
0.05258817,0.04065848,0.07996302,29.77457132,87.71086357,0.03500000
0.01084504,0.05097191,0.01897755,41.64804134,87.88529439,0.03500000
0.05593144,0.03459107,0.07776962,354.38305754,107.51135177,0.03500000
0.05429707,0.03500746,0.00459488,126.59188974,28.26729367,0.03500000
0.02789982,0.07495576,0.01333446,158.74798495,58.75203859,0.03500000
0.00457623,0.06968737,0.05300810,82.60607309,14.57196182,0.03500000
0.01206999,0.07745839,0.07389961,31.45456344,70.75865590,0.03500000
0.07658120,0.02312097,0.02535796,219.89637857,136.35526362,0.03500000
0.07622425,0.05027279,0.07615857,179.16659625,115.17170689,0.03500000
0.07606329,0.01333270,0.01517326,88.75323481,114.14921374,0.03500000
0.02530456,0.07071144,0.01070930,45.65158878,76.94727853,0.03500000
0.02971320,0.05855465,0.03990841,190.64349819,157.80961508,0.03500000
0.06529271,0.06106303,0.08276045,235.27093817,109.81158269,0.03500000
0.02337604,0.08709404,0.02381113,20.12130866,42.97314664,0.03500000
0.01041868,0.06420103,0.09742933,92.61614873,138.24725574,0.03500000
0.04305762,0.01497083,0.02149161,31.72568978,116.76392621,0.03500000
0.00741334,0.06847199,0.01115775,347.65532314,22.97172738,0.03500000
0.03850512,0.05035825,0.03274663,252.98302870,29.53915466,0.03500000
0.09750559,0.04952174,0.03973951,103.85471996,117.49708341,0.03500000
0.02422153,0.01177728,0.01558725,152.11133958,50.32916010,0.03500000
0.03547095,0.04728192,0.06637645,171.08077133,113.97276348,0.03500000
0.02849750,0.02120785,0.01513498,139.95610241,75.44168097,0.03500000
0.05447616,0.07372836,0.04552845,286.73238276,121.53883424,0.03500000
0.00645841,0.07294624,0.06258469,46.36758507,10.06747280,0.03500000
0.05010706,0.04008162,0.04349122,71.79894482,9.52355082,0.03500000
0.05649039,0.01497116,0.04258077,8.39692232,98.23804536,0.03500000
0.00886338,0.00742589,0.04371602,311.39436785,4.51057325,0.03500000
0.07103082,0.00591173,0.05404260,15.60731785,160.36882875,0.03500000
0.04209231,0.00315810,0.06327429,193.31313194,21.52773683,0.03500000
0.06834546,0.05369558,0.09765423,154.93012615,95.54277565,0.03500000
0.07200297,0.03845463,0.08001687,344.52207403,145.56481251,0.03500000
0.01100520,0.01231250,0.06155744,205.81369665,1.38218947,0.03500000
0.01487881,0.05466895,0.06231944,347.68383586,128.45268862,0.03500000
0.01926318,0.06668179,0.09663854,316.41709689,122.29155814,0.03500000
0.00930706,0.08659685,0.01597944,1.51917729,106.31737399,0.03500000
0.02813730,0.08326092,0.08099381,202.60476953,168.12717401,0.03500000
0.04543407,0.06747529,0.09109258,314.14070494,87.68205418,0.03500000
0.02660685,0.06992838,0.04196932,181.20508665,42.65014763,0.03500000
0.03088243,0.09047499,0.04877601,222.62219263,103.95491653,0.03500000
0.06036588,0.07288983,0.09708253,251.50850617,145.43646217,0.03500000
0.08181522,0.05854957,0.00789246,10.75059354,24.92344868,0.03500000
0.08087494,0.05622430,0.07361220,296.41063525,97.44322811,0.03500000
0.04950504,0.03220961,0.06066086,304.51707524,47.14252747,0.03500000
0.06857135,0.04637455,0.03984148,41.92463700,169.23705324,0.03500000
0.08602971,0.08259373,0.06609415,271.20822438,26.30523120,0.03500000
0.09528518,0.06969594,0.01826570,206.86762103,6.85184909,0.03500000
0.09176656,0.08776769,0.01166483,253.26300705,61.03164552,0.03500000
0.01867818,0.04432385,0.00617402,44.78542447,98.07472804,0.03500000
0.07673190,0.09068867,0.06185111,197.60206549,24.41363726,0.03500000
0.02059543,0.06860333,0.08092868,348.34508883,58.38267927,0.03500000
0.06123140,0.06024939,0.07380930,311.50649665,48.27578660,0.03500000
0.01236952,0.02819479,0.02245145,272.15673380,52.16190482,0.03500000
0.01001467,0.04637076,0.02995632,71.43303713,59.41003873,0.03500000
0.09467275,0.09104204,0.02837869,266.02945979,116.38799973,0.03500000
0.08433597,0.04658303,0.02645397,133.39076843,28.60864784,0.03500000
0.09478645,0.06118852,0.03540935,222.48695262,82.76430119,0.03500000
0.09424888,0.07875974,0.06796417,45.00702874,178.48793652,0.03500000
0.01695283,0.06936978,0.05600081,116.20042968,75.02321975,0.03500000
0.00294849,0.07398747,0.04354273,275.54997583,107.61793717,0.03500000
0.08736685,0.01953245,0.02345234,197.19202387,102.62706479,0.03500000
0.03965181,0.00731864,0.08428896,158.74922016,115.39491294,0.03500000
0.08859488,0.06741665,0.04848497,154.27509426,91.75663782,0.03500000
0.07633743,0.02693400,0.03866042,340.16256596,37.98793134,0.03500000
0.08096615,0.05807876,0.03221182,203.66010298,92.68242765,0.03500000
0.01871528,0.05293607,0.05848812,197.74170228,170.26268771,0.03500000
0.09196674,0.03306883,0.06710973,226.07820750,48.55010766,0.03500000
0.05290485,0.00937714,0.06396292,202.46996563,38.35281932,0.03500000
0.09448839,0.04767857,0.07912514,244.37276587,174.16181032,0.03500000
0.06880516,0.03242108,0.04828564,11.44373138,43.93868115,0.03500000
0.06639197,0.01748111,0.03534547,22.89480883,61.37013841,0.03500000
0.03951860,0.08335400,0.05813488,193.64748684,99.86798122,0.03500000
0.09516733,0.05286987,0.03271808,275.89986236,134.57116769,0.03500000
0.01489521,0.06990928,0.07305778,54.80113435,123.12113641,0.03500000
0.06546649,0.06369269,0.03772540,172.08504717,106.06132291,0.03500000
0.07261566,0.09030937,0.04922743,276.29989755,33.15224807,0.03500000
0.05265590,0.05087284,0.09140211,195.09660979,133.01055519,0.03500000
0.03657870,0.05330265,0.05414540,183.02286489,104.52790328,0.03500000
0.01581563,0.08195591,0.02404273,272.55699607,12.15186088,0.03500000
0.05382698,0.03780340,0.07659710,345.29492490,61.00871918,0.03500000
0.07965144,0.06692737,0.04463515,244.90881093,89.37587301,0.03500000
0.09569141,0.08692328,0.08180509,263.90056946,91.79818850,0.03500000
0.01018171,0.05338411,0.02480650,303.58525718,126.08309669,0.03500000
0.07705360,0.08034801,0.06014659,286.92417095,149.05593635,0.03500000
0.04760759,0.01482298,0.09738230,14.92212155,88.82147555,0.03500000
0.07419208,0.08224692,0.01582084,294.34827529,115.70220104,0.03500000
0.03358361,0.09238163,0.08166136,156.74342637,157.79724558,0.03500000
0.00245923,0.07860905,0.03524827,131.44726690,177.74562780,0.03500000
0.05101564,0.07256264,0.03866452,88.15637234,8.71684799,0.03500000
0.05537342,0.04366070,0.08574980,147.48102799,178.34882207,0.03500000
0.08726254,0.01151199,0.06791558,78.67261517,98.60278380,0.03500000
0.04622996,0.06270036,0.06486650,356.80821262,71.38170281,0.03500000
0.06471176,0.09030821,0.00903224,322.07476681,75.47980695,0.03500000
0.00804148,0.03634324,0.06504334,137.52249112,173.95537427,0.03500000
0.09430141,0.05136020,0.01002284,254.58146508,43.42183766,0.03500000
0.06660564,0.02007569,0.03725848,327.67891693,177.63732910,0.03500000
0.04633735,0.08329420,0.01788797,193.89017489,114.32912858,0.03500000
0.05309099,0.09255457,0.08368813,352.31397621,93.37933403,0.03500000
0.01551944,0.09655932,0.03357597,335.54504322,45.40438935,0.03500000
0.05312098,0.01604876,0.09637315,248.94161520,153.86254127,0.03500000
0.05495664,0.06829444,0.07284919,155.37451041,175.38433857,0.03500000
0.02695578,0.08573442,0.09675036,264.13062302,103.54267339,0.03500000
0.05771049,0.07907701,0.01138070,228.23146946,34.39112759,0.03500000
0.03809068,0.03187429,0.05991916,67.41756392,26.29191969,0.03500000
0.04099618,0.09033904,0.00774326,195.44032957,91.90090340,0.03500000
0.03192720,0.08740224,0.07300407,163.71508641,109.74169643,0.03500000
0.06314739,0.07465181,0.04328407,233.88527944,22.14776049,0.03500000
0.04578164,0.09708484,0.03111989,354.84409185,44.66377138,0.03500000
0.05566898,0.08497778,0.02339192,325.62611957,104.76304234,0.03500000
0.01731064,0.04455819,0.05857781,186.03213279,157.11025977,0.03500000
0.00670468,0.07453240,0.06321652,123.51731580,167.74420939,0.03500000
0.06941043,0.04168259,0.03512134,5.43384022,121.00471639,0.03500000
0.05692187,0.00711059,0.01587485,4.85983650,99.04419569,0.03500000
0.09458797,0.05695476,0.04319307,228.90722252,104.05099761,0.03500000
0.04309179,0.03257156,0.05148781,216.36544841,168.62731341,0.03500000
0.07410881,0.01152563,0.07184587,346.86999707,162.80550961,0.03500000
0.03929779,0.07824896,0.01724447,227.81579239,87.10730322,0.03500000
0.03034187,0.05926910,0.02111248,6.42380630,55.11127832,0.03500000
0.06556672,0.07988993,0.05697646,151.33504510,63.74825108,0.03500000
0.06259885,0.08985589,0.01738610,248.10950147,31.80156586,0.03500000
0.04678828,0.00940401,0.05347803,58.33262849,45.77677700,0.03500000
0.05245791,0.05243625,0.06375175,281.10251234,4.74845321,0.03500000
0.04845966,0.03748884,0.07316280,304.61420050,90.76349175,0.03500000
0.04391166,0.09240100,0.07171200,214.57600305,46.03902989,0.03500000
0.06132295,0.07745897,0.06354404,184.47657258,159.21583304,0.03500000
0.08255815,0.02092137,0.06129531,166.47440915,167.62109938,0.03500000
0.03052431,0.04082374,0.05396580,149.93877170,116.30415034,0.03500000
0.04630645,0.04989939,0.07863886,128.09719666,72.39550859,0.03500000
0.09317215,0.04332139,0.01400066,249.10798100,23.03527133,0.03500000
0.09220021,0.07411857,0.03315528,213.65217875,75.32345554,0.03500000
0.02802424,0.05392618,0.04352850,190.26367062,154.52584491,0.03500000
0.06750216,0.04680556,0.07342280,191.38041582,46.71829494,0.03500000
0.04447838,0.05526620,0.06329685,338.14581367,6.39587548,0.03500000
0.06716110,0.03196350,0.07729265,73.68965754,69.79393485,0.03500000
0.07460404,0.00409721,0.09516053,113.01194782,106.19839651,0.03500000
0.06107231,0.09536327,0.01658795,189.02898620,42.34667872,0.03500000
0.02264549,0.06227961,0.03466219,108.21570533,21.30442409,0.03500000
0.02477179,0.05491353,0.06386876,7.86786076,81.47913851,0.03500000
0.04017568,0.09037721,0.06313915,303.21101930,76.36646660,0.03500000
0.00933858,0.06559325,0.07309747,43.41778243,55.23577669,0.03500000
0.02459763,0.05504288,0.06636885,94.13569656,48.92749146,0.03500000
0.08123163,0.06732968,0.01280559,270.73374663,58.60207772,0.03500000
0.02412328,0.07224619,0.04920040,231.96984546,76.68517794,0.03500000
0.02914363,0.04326968,0.02496851,145.33844584,94.41965323,0.03500000
0.00781632,0.09555002,0.09355511,258.50221998,82.88002988,0.03500000
0.02850138,0.09189463,0.02736963,69.67884314,9.69524208,0.03500000
0.01337487,0.06660437,0.07296508,93.82637199,146.64095327,0.03500000
0.05090201,0.07944395,0.05468987,224.67978838,35.43241648,0.03500000
0.02695093,0.01866643,0.04811108,343.70627850,122.03950347,0.03500000
0.01534620,0.06455273,0.09089412,201.49248749,160.26046129,0.03500000
0.03117389,0.04384547,0.08237289,6.11595753,172.40991546,0.03500000
0.01906050,0.07367845,0.02102081,160.60746025,3.41649587,0.03500000
0.00992322,0.00632352,0.08292427,69.68593048,137.76841140,0.03500000
0.04221047,0.06836751,0.07499490,352.35438705,56.77926276,0.03500000
0.05779455,0.04954741,0.07405084,121.57245286,45.04368905,0.03500000
0.04775895,0.05157409,0.03642239,243.83680661,160.19948886,0.03500000
0.05917320,0.09052513,0.05490914,46.71156549,11.61096122,0.03500000
0.06780435,0.07801213,0.04712240,1.56599951,23.52009123,0.03500000
0.09774333,0.09303257,0.00844236,268.49089690,48.74188871,0.03500000
0.01105345,0.07523482,0.08725183,176.98086276,168.09350085,0.03500000
0.01792603,0.06327477,0.00839967,209.38879808,0.90556214,0.03500000
0.01139765,0.09057873,0.05214637,314.75782699,135.45191716,0.03500000
0.08425395,0.01569403,0.00994084,186.24755525,79.75226539,0.03500000
0.05905056,0.09417624,0.05466679,24.05447403,173.46643256,0.03500000
0.07468828,0.09586267,0.05628625,6.57938381,157.34090436,0.03500000
0.04801147,0.07330239,0.03074205,187.28253817,72.44825244,0.03500000
0.03747133,0.02426601,0.00501166,261.69935279,4.57457559,0.03500000
0.00431397,0.06018331,0.04504430,319.05487900,3.00416874,0.03500000
0.07926393,0.00205158,0.04913185,114.14370631,165.16586826,0.03500000
0.04465950,0.06479535,0.00422266,251.23197536,91.27017773,0.03500000
0.01725479,0.08669402,0.00465986,303.55574647,6.60622105,0.03500000
0.01499260,0.09011371,0.03958454,146.06243106,170.43424151,0.03500000
0.04539373,0.00935634,0.07720209,205.31796419,156.14879855,0.03500000
0.06740559,0.01981215,0.03338804,299.83010419,39.38174780,0.03500000
0.02543700,0.08017399,0.05797036,33.03379350,81.30178682,0.03500000
0.02067930,0.06038188,0.08406250,205.44505531,167.56292247,0.03500000
0.04076949,0.08974072,0.08392061,257.77262205,74.49366526,0.03500000
0.03245508,0.07274252,0.02435190,153.41555097,117.23889671,0.03500000
0.04613499,0.06246656,0.00270456,93.71550908,54.64094859,0.03500000
0.09269913,0.01386561,0.06477682,82.03516101,120.97381949,0.03500000
0.05017670,0.08187814,0.07579854,198.34541408,59.71820810,0.03500000
0.06030750,0.03011008,0.06672677,31.41976186,96.52481690,0.03500000
0.06404455,0.08745186,0.09349506,104.12253937,171.76236449,0.03500000
0.09502985,0.04992071,0.08684277,182.12989595,177.17068389,0.03500000
0.01818537,0.02021790,0.00744907,185.72478847,6.58186571,0.03500000
0.08073394,0.08779464,0.09388682,12.18515910,164.09749549,0.03500000
0.07196509,0.03900731,0.03471370,53.04472567,124.32465717,0.03500000
0.08775889,0.01686707,0.07654909,90.62331827,149.31537801,0.03500000
0.02775641,0.09564996,0.04298935,2.30620055,140.73326558,0.03500000
0.01951204,0.07208234,0.03206307,136.57954003,156.33247092,0.03500000
0.03717537,0.01377670,0.02138398,211.12072601,39.19646508,0.03500000
0.00565036,0.05442113,0.08985427,113.96909080,168.20871840,0.03500000
0.06072398,0.00353619,0.03968814,148.78076148,19.11017795,0.03500000
0.06157923,0.01854555,0.07609806,42.32911116,105.24110401,0.03500000
0.01944973,0.01656497,0.03921453,305.83601893,158.65107560,0.03500000
0.00840980,0.06841118,0.00831995,38.38695362,87.89444191,0.03500000
0.04128438,0.05407817,0.05125278,173.03796418,167.43934319,0.03500000
0.01438864,0.00490199,0.00508461,33.56223079,51.87192625,0.03500000